  0  0.577994 62.7
  1  0.640272 63.5
  2  0.580200 63.3
 10  0.568601 64.8
 20  0.503460 67.6
 30  0.571653 67.2
 40  0.443371 69.0
 50  0.565118 67.4
 60  0.392770 67.6
 70  0.505892 68.7
 80  0.504586 68.8
 90  0.559507 73.7
100  0.447964 71.5
110  0.511188 66.9
120  0.531399 73.5
130  0.448932 70.3
140  0.552687 75.7
150  0.396087 71.1
160  0.394868 71.9
170  0.439255 70.7
180  0.488881 72.1
190  0.450418 75.1
200  0.535873 75.5
210  0.443957 74.8
220  0.426031 74.7
230  0.473926 75.2
240  0.448623 74.5
250  0.386482 75.1
260  0.415546 73.5
270  0.502263 73.9
280  0.414604 75.8
290  0.490434 74.9
300  0.528461 75.6
310  0.499804 75.6
320  0.415252 74.6
330  0.464754 76.0
340  0.449357 74.8
350  0.410945 75.4
360  0.434323 74.9
370  0.479279 73.7
380  0.477237 72.3
390  0.520917 75.6
400  0.502686 74.8
410  0.408337 75.5
420  0.451179 75.0
430  0.514008 74.4
440  0.508626 75.5
450  0.484678 75.5
460  0.496604 75.2
470  0.527740 76.4
480  0.491995 75.7
490  0.487052 76.0
