1.08683
0.812291
0.931466
1.05918
1.13921
0.845593
0.942143
1.04398
1.10773
1.17085
0.863323
0.943416
1.02764
1.11489
1.16999
1.22443
0.89501
0.963826
1.03598
1.11085
1.16354
1.21602
1.25378
0.922866
0.985066
1.05005
1.11738
1.17007
1.22282
1.25669
0.925143
0.980953
1.03921
1.09959
1.15156
1.2039
1.25621
1.28703
0.958205
1.01147
1.06672
1.11669
1.16722
1.21797
1.26857
0.945829
0.994486
1.04495
1.09701
1.14538
1.1941
1.24284
1.29129
0.975902
1.02242
1.07043
1.11609
1.1621
1.20817
1.25399
1.28445
0.972141
1.01691
1.06299
1.1102
1.15529
1.20051
1.24559
1.29025
0.984447
1.02697
1.07062
1.11525
1.15885
1.20248
1.24587
1.27423
1.29758
1.01654
1.05913
1.10261
1.14445
1.18629
1.22789
1.26901
1.29322
0.991801
1.03305
1.07513
1.1151
1.1551
1.19491
1.23427
1.27295
0.976832
1.0169
1.05776
1.09931
1.13752
1.17548
1.21296
1.24973
1.27114
0.996271
1.03644
1.07727
1.11867
1.15479
1.19035
1.22511
1.25883
0.972953
1.01114
1.05001
1.08948
1.12946
1.16445
1.19872
1.23203
1.25576
1.27486
0.995471
1.03514
1.0753
1.11589
1.14906
1.18152
1.21302
1.24331
1.26209
0.99179
1.03171
1.07206
1.11278
1.15377
1.1847
1.21448
1.24285
1.26323
0.987107
1.02651
1.06632
1.10646
1.14686
1.17613
1.20414
1.2306
1.2509
0.971429
1.00926
1.0475
1.08608
1.12494
1.16402
1.19381
1.22248
1.24581
0.974668
1.0111
1.04794
1.08514
1.12264
1.16038
1.18899
1.21634
1.24219
1.26414
0.994584
1.03177
1.06927
1.10703
1.145
1.18313
1.20929
1.23173
1.25389
0.986462
1.0221
1.05806
1.09429
1.13075
1.1674
1.19379
1.21872
1.24078
1.26098
0.994439
1.03109
1.06795
1.10499
1.14217
1.17943
1.20344
1.22578
1.24629
0.981736
1.01667
1.05183
1.08719
1.12272
1.15838
1.18265
1.20534
1.22629
1.2456
0.982405
1.01745
1.05266
1.08799
1.12344
1.15895
1.19449
1.21837
1.23977
1.25935
0.998492
1.03262
1.06689
1.10126
1.13571
1.17021
1.19309
1.21446
1.23191
1.25041
0.990761
1.02475
1.0588
1.0929
1.12703
1.16116
1.18408
1.20565
1.22562
1.24282
0.984533
1.0185
1.05247
1.08644
1.12039
1.15429
1.18815
1.20927
1.22817
1.24624
0.990747
1.02285
1.05497
1.08711
1.11925
1.15138
1.18347
1.20533
1.2252
1.24343
0.99044
1.02118
1.05194
1.08271
1.11348
1.14424
1.17497
1.19648
1.21563
1.23423
1.25127
0.99986
1.03087
1.06179
1.09264
1.12342
1.1541
1.18469
1.20548
1.22425
1.24144
0.992673
1.02216
1.05157
1.08091
1.11018
1.13937
1.16849
1.18885
1.20792
1.22484
1.24114
0.994379
1.02353
1.05255
1.08144
1.11021
1.13886
1.16738
1.18685
1.20509
1.22004
1.23559
0.990773
1.01937
1.04779
1.07603
1.1041
1.13201
1.15977
1.17845
1.19597
1.21207
1.22464
0.982206
1.00973
1.03703
1.06414
1.09106
1.1178
1.14438
1.17079
1.18896
1.20561
1.22121
1.23564
0.995685
1.02284
1.04973
1.07636
1.10275
1.12892
1.15488
1.18064
1.19807
1.21395
1.22878
0.992743
1.01783
1.04268
1.06732
1.09177
1.11603
1.14012
1.16405
1.18134
1.19768
1.21274
1.22679
0.993283
1.0178
1.04202
1.06599
1.08972
1.11323
1.13653
1.15963
1.18254
1.19852
1.21374
1.22811
0.998432
1.02092
1.04315
1.06514
1.08692
1.10848
1.12984
1.15101
1.16765
1.18352
1.1984
1.21204
1.22481
0.99526
1.0183
1.04092
1.06315
1.08501
1.10653
1.12771
1.14857
1.1691
1.1846
1.19863
1.21199
1.22457
0.995873
1.01753
1.03867
1.05932
1.07949
1.09918
1.11841
1.13717
1.15544
1.17168
1.18595
1.1996
1.21251
0.988206
1.00857
1.02828
1.04734
1.06575
1.08351
1.10061
1.11702
1.13272
1.14984
1.16552
1.17956
1.19292
0.969373
0.993921
1.01273
1.03073
1.04792
1.06429
1.07981
1.09444
1.10815
1.12086
1.13252
1.15063
1.16792
1.18429
0.965883
0.99152
1.01659
1.03073
1.04387
1.05595
1.06691
1.07666
1.08512
1.09217
1.09771
1.12115
1.14318
1.16384
0.948256
0.974817
1.00073
1.02604
1.05077
1.07494
1.08488
1.09359
1.10099
1.10695
1.12814
1.14808
1.16674
1.18409
0.964776
0.989795
1.01423
1.0381
1.04909
1.05867
1.0829
1.09124
1.09804
1.10316
1.12443
1.14412
1.16223
0.940695
0.964943
0.988608
1.01172
1.03429
1.05636
1.06622
1.07451
1.08114
1.10404
1.10907
1.12933
1.14791
1.16479
1.17988
0.950097
0.972968
0.995228
1.0169
1.02859
1.05007
1.05995
1.0678
1.0895
1.09535
1.09899
1.12073
1.14009
1.14517
1.16467
1.18139
0.939723
0.962597
0.984665
1.00594
1.02645
1.03666
1.05676
1.06435
1.084
1.08886
1.10804
1.11005
1.13401
0.910364
0.944096
0.963849
0.982807
1.00097
1.01835
1.03493
1.05072
1.06569
1.07985
1.09442
1.09691
1.1205
0.901966
0.938167
0.972849
0.989716
1.00583
1.02117
1.03574
1.04952
1.06248
1.07793
1.09128
1.10464
0.891623
0.927306
0.961466
0.976933
0.991678
1.00569
1.01895
1.03142
1.0431
1.05394
1.06934
1.08046
1.09392
0.886931
0.923647
0.95869
0.992182
1.00616
1.01945
1.03203
1.04387
1.05494
1.06521
1.07463
1.0888
0.886566
0.92225
0.956292
0.988819
1.01995
1.03261
1.04468
1.05613
1.06693
1.07705
1.08863
0.888249
0.920101
0.950628
0.979936
1.00813
1.02094
1.03327
1.04509
1.05637
1.06708
1.07719
1.08772
1.08943
0.891723
0.922807
0.952607
0.98123
1.00878
1.02155
1.03385
1.04565
1.05693
1.06766
1.07781
1.08734
1.09671
0.901157
0.931489
0.960575
0.98852
1.01542
1.02748
1.03908
1.05021
1.06083
1.07092
1.08044
1.08934
1.09889
0.905005
0.935042
0.963838
0.991499
1.01812
1.02953
1.0405
1.05099
1.06098
1.07043
1.0793
1.08833
1.1029
0.906315
0.935967
0.964431
0.991807
1.01819
1.02967
1.04071
1.05126
1.06131
1.06646
1.07603
1.07927
1.08827
0.894946
0.925552
0.954862
0.982986
1.01003
1.02082
1.03114
1.04096
1.05024
1.05895
1.06704
1.07446
1.08477
0.892428
0.923291
0.952824
0.981138
1.00834
1.03452
1.04508
1.05519
1.0648
1.06874
1.0779
1.08001
1.0941
0.90005
0.929477
0.957721
0.984881
1.01105
1.0221
1.0327
1.04281
1.05239
1.06142
1.06511
1.07359
1.08139
1.08312
0.892
0.9239
0.954373
0.983537
1.0115
1.02138
1.03073
1.03952
1.0477
1.05524
1.06208
1.06818
1.07773
0.887174
0.919654
0.950648
0.980275
1.00866
1.0359
1.04549
1.05457
1.06309
1.07102
1.07354
1.08084
0.891617
0.922121
0.951314
0.979304
1.0062
1.03209
1.04172
1.05088
1.05955
1.06767
1.07522
1.07796
1.08489
0.896805
0.926957
0.955824
0.983512
1.01013
1.03576
1.04498
1.05374
1.062
1.06974
1.07261
1.0798
1.08086
0.893901
0.923774
0.952386
0.979844
1.00625
1.03169
1.04116
1.05018
1.05871
1.06672
1.07416
1.08098
1.08225
0.89601
0.925746
0.954231
0.981572
1.00787
1.03321
1.0423
1.05094
1.0591
1.06673
1.07379
1.08023
1.08166
0.895965
0.925718
0.954219
0.981575
1.00788
1.03324
1.04196
1.05023
1.058
1.06525
1.07192
1.07796
1.07952
0.894245
0.924133
0.952758
0.980227
1.00664
1.03209
1.04044
1.04834
1.05573
1.06258
1.06884
1.07446
1.07614
1.08688
0.898904
0.929581
0.958932
0.987067
1.01409
1.0401
1.0483
1.05599
1.06314
1.06609
1.0727
1.07386
0.886682
0.916148
0.944405
0.971552
0.997683
1.02288
1.03183
1.0403
1.04825
1.05565
1.06245
1.0686
1.06993
1.07985
0.881934
0.912744
0.942221
0.970471
0.997598
1.0237
1.0325
1.04078
1.04849
1.0556
1.06205
1.06779
1.07734
0.88055
0.911518
0.941138
0.969517
0.99676
1.02296
1.03131
1.03912
1.04635
1.05296
1.0589
1.06412
1.06855
0.88294
0.914481
0.944623
0.973478
1.00115
1.02775
1.03481
1.04132
1.04723
1.05249
1.05703
1.05866
1.06248
0.871598
0.904726
0.936305
0.966456
0.995301
1.02295
1.04952
1.05572
1.06137
1.06641
1.07079
1.07121
1.08074
0.895265
0.925452
0.954357
0.982086
1.00874
1.03441
1.04142
1.04789
1.05377
1.05901
1.06067
1.06528
1.0651
0.880025
0.910721
0.940091
0.968242
0.995277
1.02129
1.02859
1.03532
1.04143
1.04687
1.05158
1.0555
1.05857
0.864753
0.897211
0.928182
0.957781
0.986124
1.01332
1.03946
1.04592
1.0518
1.05704
1.0616
1.06986
1.07708
0.888832
0.918407
0.946768
0.974012
1.00023
1.02551
1.03268
1.03927
1.04523
1.04805
1.04895
1.05448
1.05339
0.865932
0.8958
0.924426
0.951905
0.97833
1.00379
1.0121
1.01982
1.02687
1.03322
1.03881
1.04359
1.04747
1.04683
0.85969
0.891732
0.922338
0.951615
0.979669
1.0066
1.01366
1.02002
1.02564
1.03044
1.03438
1.03738
1.03709
0.843901
0.877907
0.910295
0.941183
0.97069
0.998929
1.02601
1.03196
1.03719
1.04166
1.0453
1.04803
0.863438
0.894446
0.924095
0.952492
0.979739
1.00593
1.03116
1.0373
1.04281
1.04762
1.04786
1.05207
1.0592
1.05884
0.871144
0.901091
0.929767
0.957268
0.983689
1.00912
1.01638
1.02295
1.02877
1.03378
1.03793
1.0377
1.04108
0.853404
0.884668
0.914548
0.943145
0.970561
0.996889
1.0034
1.00915
1.01408
1.01813
1.02123
1.02141
1.02367
0.830127
0.863859
0.895988
0.926625
0.955885
0.983878
1.01071
1.01596
1.0204
1.02398
1.02662
1.02825
1.02736
0.842467
0.874443
0.904949
0.934094
0.961983
0.988719
1.0144
1.02022
1.02525
1.02944
1.0327
1.03161
1.04001
0.851041
0.880882
0.909434
0.936791
0.963045
0.988282
0.994954
1.00081
1.00579
1.00983
1.01014
1.01344
1.01559
1.014
0.825839
0.858206
0.889058
0.918499
0.946634
0.973563
0.979766
0.985012
0.989232
0.99235
0.994287
1.02752
1.02605
0.836973
0.867819
0.897254
0.925377
0.952287
0.978077
0.98475
0.990469
0.995164
0.998761
1.00118
1.00003
1.00152
0.804827
0.838764
0.871021
0.901705
0.930931
0.958809
0.985446
0.990519
0.994555
0.997474
0.999194
0.999628
0.997593
0.811544
0.843897
0.874672
0.903976
0.931916
0.958596
0.984115
0.989793
0.994417
0.997909
1.00019
0.997852
1.00791
0.816925
0.84701
0.875688
0.903053
0.929196
0.954207
0.960838
0.966355
0.970682
0.973738
0.973118
0.975294
0.975952
0.973347
0.97285
1.01058
0.820056
0.853593
0.885373
0.915511
0.944126
0.94859
0.951641
0.982298
0.978772
0.989127
0.793761
0.822567
0.850005
0.876154
0.901095
0.909046
0.91567
0.920888
0.949213
0.953888
0.952375
0.9562
0.951963
0.954802
0.955746
0.751686
0.786997
0.820394
0.851963
0.881811
0.910053
0.936799
0.942734
0.947087
0.949767
0.950677
0.94972
0.945817
0.756629
0.790058
0.821648
0.851489
0.879686
0.906344
0.911912
0.91579
0.944658
0.947838
0.942837
0.955996
0.966509
0.962122
0.76266
0.792579
0.820833
0.847498
0.872653
0.881967
0.889399
0.894865
0.898278
0.894957
0.897218
0.931738
0.924416
0.939485
0.737191
0.768437
0.797844
0.825477
0.833938
0.861832
0.869466
0.874832
0.877844
0.874594
0.876305
0.912566
0.904882
0.920474
0.910625
0.708173
0.741143
0.772028
0.800875
0.81117
0.818835
0.850209
0.856718
0.860436
0.861296
0.854865
0.854111
0.89589
0.695406
0.730286
0.762891
0.793247
0.821418
0.829329
0.834399
0.836561
0.830677
0.865325
0.867507
0.856569
0.876567
0.863087
0.626592
