1.77475
0.893818
0.515715
0.48984
0.501382
0.484021
0.49319
0.479269
0.48539
0.494451
0.479738
0.485615
0.479659
0.478182
0.477209
0.476649
0.482275
0.490309
0.479127
0.476404
0.476032
0.481983
0.475603
0.474037
0.472832
0.471929
0.476949
0.484261
0.474649
0.473164
0.471949
0.470964
0.477077
0.485129
0.473755
0.471892
0.470273
0.468863
0.475422
0.483755
0.469091
0.467083
0.465294
0.463684
0.469364
0.476988
0.466706
0.463681
0.460926
0.458402
0.45606
0.46118
0.468483
0.477208
0.46022
0.456717
0.453476
0.450443
0.44756
0.452166
0.459023
0.467369
0.450714
0.446159
