376.1651 165.6908
 42.1887  17.2537
 10.9632   3.9134
  2.7050   1.3297
  1.7428   2.2677
  1.5533   2.9358
  1.5081   3.2718
  1.4900   3.4241
  1.4771   3.4895
  1.4653   3.5160
  1.4539   3.5255
  1.4426   3.5276
  1.4315   3.5265
  1.4206   3.5241
  1.4099   3.5211
  1.3993   3.5179
  1.3889   3.5147
  1.3786   3.5115
  1.3685   3.5083
  1.3585   3.5052
  1.3487   3.5021
  1.3391   3.4990
  1.3296   3.4961
  1.3202   3.4931
  1.3109   3.4902
  1.3019   3.4874
  1.2929   3.4846
  1.2841   3.4819
  1.2754   3.4792
  1.2668   3.4765
  1.2584   3.4739
  1.2501   3.4714
  1.2419   3.4689
  1.2339   3.4664
  1.2259   3.4640
  1.2181   3.4616
  1.2104   3.4593
  1.2029   3.4570
  1.1954   3.4547
  1.1880   3.4525
  1.1808   3.4503
  1.1737   3.4482
  1.1666   3.4461
