46.9813   9.5861
44.5638   9.9837
42.3130  10.3877
11.4731  27.5439
11.0264  25.7046
10.5986  23.9664
10.1887  22.3246
9.7961  20.7746
9.4200  19.3120
9.0598  17.9328
8.7147  16.6329
8.3841  15.4085
8.0674  14.2561
7.7641  13.1722
7.4735  12.1534
7.1951  11.1966
6.9285  10.2989
6.6731   9.4572
6.4284   8.6689
6.1940   7.9313
5.9695   7.2419
5.7544   6.5984
5.5484   5.9984
5.3511   5.4398
5.1620   4.9205
4.9809   4.4384
4.8074   3.9918
4.6413   3.5787
4.4821   3.1974
4.3296   2.8464
4.1835   2.5240
4.0436   2.2288
3.9096   1.9592
3.7812   1.7140
3.6582   1.4919
3.5404   1.2915
3.4275   1.1117
3.3194   0.9515
3.2159   0.8096
3.1167   0.6852
3.0216   0.5771
2.9306   0.4846
2.8434   0.4067
